image: example_map.png
resolution: 0.062500
origin: [-10.0, -50.0, 0.000000]